11532215
11690545
11790258
11983060
12049663
12095422
12184807
12184811
12225587
12354330
12429061
12537560
12659637
12803655
12823867
12930545
12950995
12962547
12967349
9245791
10352017
11381093
11401727
12615908
14517204
9015311
9649126
11707154
11056682
12556960
14562023
7576301
8593205
8924224
9443089
9569056
10491393
10662776
11157977
11564752
12058019
9584145
11591730
11870542
12135983
10525535
10811821
12147673
12429067
12175426
11737944
14581449
9681800
9832560
11879553
11086000
12538638
11285283
10330400
9732293
12682085
14557250