7866872
7873174
8049351
8158003
9336174
9482256
9724707
10066453
11023903
11321159
11327801
11575795
11772607
12099377
12147133
12194203
12483315
12565999
12625756
12625758
12625759
12648161
7827501
11035961
10099220
10357136
10768787
11426597
11709844
10074454
10087620
10103104
10361722
10364351
10404149
7771806
9615613
9792505
12171730
7504954
7903220
8257695
8626478
8993033
8993035
9099751
9169194
9230703
9358188
9601011
9642275
10498903
10579938
10591994
11033083
11230169
11313463
11564866
11726209
11752617
11799066
12000849
12054902
12054903
12054904
12153140
12415115
12500542
12527906
12533679
12562764
12600448
12618455
12624958
12627232
12629508
12799440
12887906
12887907
14521963
10773095
10963655
10997270
11074587
11099255
11160997
11196312
11262969
11301132
11326315
11339905
11382363
11382364
11395427
11395428
11395437
11406594
11410663
11470890
11470909
11473022
11473024
11481466
11544205
11571077
11595791
11690545
11747616
11747617
11774350
11790248
11790258
11806820
11842121
11842437
11847073
11867081
11931570
11936594
11983060
12016055
12045294
12074161
12074162
12095422
12175304
12184807
12184811
12216114
12217912
12225587
12363385
12384606
12413148
12424128
12454644
12490443
12490448
12499293
12499294
12538238
12635903
12651712
12651726
12651728
12671682
12676053
12707371
12711697
12803655
12874958
12888502
12925520
12950995
12962547
12967349
8042410
8132718
8673465
8707050
9175625
9245791
9346876
9352931
9591694
10051610
10087618
10087619
10100328
10320929
10322354
10433685
10531012
10700148
10725388
10806067
10899006
10946305
10969025
11034901
11071889
11084343
11117532
11135358
11212912
11278693
11279203
11294900
11328852
11397085
11401727
11403576
11403577
11498013
11500853
11558993
11566809
11698413
11709065
11719555
11722768
11739654
11752449
11785758
11856376
11891115
11950889
12006650
12114548
12192056
12217649
12217653
12297500
12415118
12417022
12461557
12496124
12496132
12511612
12516859
12516860
12543076
12552528
12584242
12615908
12897146
12933681
14517204
7487008
7580930
7646043
8836201
8908519
8940425
9086824
9105933
9149812
9160329
9166227
9187765
9458116
9503586
9599592
9627489
9650962
9665466
9666006
9676381
9694320
9726887
9836710
9854084
9864036
9889212
10029323
10084106
10203025
10204701
10224010
10328533
10419204
10440566
10441202
10457842
10464643
10488202
10505677
10544916
10574095
10592313
10599890
10620568
10649496
10652179
10652180
10702518
10713370
10742226
10747142
10748880
10769755
10775843
10790127
10799272
10799809
10877778
10878035
10960459
10966386
10966425
10966441
10970396
10970729
10975282
11008016
11010869
11041238
11055900
11060054
11060066
11097930
11136780
11170498
11177407
11230167
11246221
11252479
11311341
11324819
11352593
11352596
11376036
11377710
11380673
11383154
11427576
11464506
11465544
11506907
11524161
11543882
11563512
11571173
11574569
11680723
11682539
11682540
11708318
11716118
11724836
11724978
11733068
11735297
11743687
11763353
11773092
11777824
11816705
11846426
11849335
11851381
11857532
11873502
11880427
11962616
11972525
12000842
12007439
12020797
12022389
12067384
12083398
12089242
12100592
12117251
12137778
12144770
12176143
12211279
12218656
12223296
12374402
12375101
12379331
12392529
12401234
12445938
12454166
12456288
12490145
12495014
12505626
12505627
12543545
12571032
12574302
12625508
12628593
12631194
12654486
12657208
12703305
12784851
12808718
12809803
12843017
12843077
12958287
14551896
14599308
11196707
11197304
12707359
1669719
7598484
7767490
7774117
7777379
7812461
7856030
7903647
7909834
7913754
7913756
7913765
7927332
7936296
7991124
7999318
8041803
8137126
8137132
8270114
8618678
8657630
8682199
8698234
8707291
8750875
8797471
8797472
8841969
8909447
8922485
8937783
9016962
9103903
9128415
9239743
9263413
9279329
9629853
9638817
9667781
9681800
9789072
9797009
9813003
9864731
10191898
10360778
10412591
10665501
10686529
10790216
10891990
10896268
10931212
10932276
10936643
10936691
10987652
11120925
11193143
11214938
11220690
11240560
11258721
11259483
11458182
11506406
11556078
11568919
11584448
11677782
11679089
11684342
11704923
11714097
11716303
11797207
11840201
11865460
12034503
12058449
12064254
12109876
12205650
12222676
12236956
12416392
12420099
12464332
12466498
12481985
12514748
12580378
12623063
12664293
12677444
12690204
12733424
12763028
12773797
12815603
12923312
14522861
11125142
12161276
12634421
12809979
7837983
9653450
9705497
10526212
10794173
10880451
10924462
11406273
11504715
11522817
7585508
7598472
7606712
7669739
7675542
7708772
7743497
7753564
7753829
7866403
7882361
7887918
7903889
7906810
7923190
7949587
7970729
7987441
7994644
8012980
8071957
8090754
8111410
8118461
8125478
8132740
8134731
8187091
8252630
8259518
8259519
8522331
8537055
8538035
8566954
8576285
8593545
8594558
8607008
8616874
8625067
8629105
8638126
8655134
8674041
8707116
8755583
8776001
8799152
8835324
8903598
8920656
8931709
8977766
9012588
9015311
9065402
9092316
9135000
9140167
9156280
9196022
9220497
9235686
9242220
9276697
9286476
9298819
9387290
9399850
9438104
9445111
9450492
9482574
9536987
9566701
9585611
9595262
9603437
9649126
9654054
9724771
9731892
9824350
9865728
9869602
9869603
9919881
9973276
10021369
10074927
10090594
10096563
10192393
10201372
10205208
10213492
10223208
10226605
10332831
10339655
10343885
10347231
10359135
10359544
10392898
10398435
10416591
10490837
10498885
10502323
10508699
10523691
10526234
10545699
10598803
10630180
10668214
10694935
10709671
10713886
10717531
10720759
10737725
10737795
10749138
10756345
10783313
10783317
10784639
10837025
10851078
10854222
10870965
10882859
10920985
10921028
10924409
10936679
10951583
10953028
10969779
10980707
11040191
11062151
11072519
11099951
11135372
11157977
11211307
11212250
11217438
11221825
11237529
11257105
11283619
11350874
11506490
11522655
11535846
11552476
11559543
11585828
11592095
11606402
11676549
11707154
11751382
11876551
11931531
11972058
11978510
12010888
12036944
12059991
12060718
12093899
12096341
12098745
12145848
12210511
12353948
12372335
12387883
12394442
12421723
12438216
12458338
12510461
12527714
12584179
12606575
12647217
12655564
12663519
12740349
12774245
12782759
12810642
12822869
12970888
13130079
14578176
8883941
11553630
13678671
7529048
7664648
7743492
8286193
8607861
8665514
8692980
8710868
9056422
9205064
9342439
9394418
9413807
9515800
9516080
9545345
9699666
9766646
9815544
9815941
9850076
10026153
10401676
10430101
10435587
10438568
10459850
10669726
10674396
10766344
10791772
10851068
10919668
10985759
11005099
11102895
11149601
11212254
11245436
11500939
11559546
11577168
11788654
11885994
12019176
12031683
12105987
12188907
12360481
12374697
12379772
12447687
12566306
12746329
12937141
12941837
14520693
7473659
7478253
7485228
7486872
7534068
7540552
7566000
7574468
7579137
7582040
7585009
7595656
7611715
7615568
7617191
7619525
7644022
7646655
7664194
7668835
7670501
7672107
7675243
7695621
7696597
7696609
7700274
7713402
7715296
7724603
7729825
7746463
7751846
7755355
7761390
7763336
7765750
7770005
7773573
7783869
7810590
7814023
7816154
7818244
7821387
7824157
7841371
7847069
7849527
7853720
7884953
7891871
7891887
7891889
7920638
7922348
7936253
7937774
7944299
7951679
7964823
7969426
7970208
7970234
7972031
7977635
7992850
8014966
8024269
8040342
8044413
8047277
8047278
8058160
8069300
8070517
8075646
8082773
8086986
8089103
8123007
8128315
8128960
8128961
8161573
8171342
8185566
8309587
8309588
8313935
8525796
8530010
8544899
8546162
8559364
8572669
8596645
8614504
8618881
8624076
8624078
8624079
8624080
8624095
8624096
8624098
8624107
8631862
8632166
8644745
8648331
8651641
8652146
8669492
8679539
8682647
8692753
8702415
8725748
8726460
8731381
8740984
8741132
8761956
8773610
8782820
8786396
8786409
8786847
8791246
8797010
8803820
8804040
8804993
8813351
8820179
8823200
8825894
8825898
8826994
8829725
8830309
8830319
8833436
8841664
8841967
8846238
8848271
8848934
8854306
8858183
8859062
8867586
8872415
8875468
8878109
8890772
8890929
8891070
8899655
8937829
8938267
8940294
8961669
8971103
8983040
8987775
8993478
8993479
8993481
9003062
9003488
9008509
9012418
9017530
9017975
9030704
9040748
9048987
9052714
9058415
9067471
9070638
9073026
9074395
9086466
9098525
9100668
9102150
9129722
9129962
9130294
9137113
9147408
9153523
9153535
9175590
9181358
9211985
9218507
9221969
9222170
9224643
9225693
9265639
9280168
9292886
9295092
9298817
9300650
9305342
9307262
9307578
9316155
9325076
9328480
9329691
9339270
9340870
9343467
9369084
9369317
9370233
9382479
9386771
9424665
9425904
9436725
9460714
9467014
9470136
9471175
9482249
9482681
9494696
9506546
9508150
9514597
9520001
9520006
9520135
9523562
9529753
9539408
9547165
9547235
9547474
9562467
9572591
9577654
9583189
9596222
9596412
9597090
9605496
9619150
9626772
9647302
9658938
9669695
9672379
9678311
9678319
9682830
9700208
9700658
9701675
9701681
9704150
9705582
9708864
9721442
9728943
9736756
9743577
9751196
9756330
9772023
9791536
9811931
9831633
9834545
9844031
9852204
9855862
9862642
9863603
9875528
9876967
9877525
9886074
9920359
9920995
9929677
9990558
10026381
10027417
10027549
10027555
10076900
10079115
10079962
10192209
10208564
10212558
10213152
10231806
10320795
10338292
10349334
10352866
10362893
10364640
10364641
10366621
10367700
10369830
10400250
10401448
10420066
10431657
10436064
10448801
10483785
10487844
10488446
10502286
10507547
10528114
10559556
10582625
10601411
10609670
10611368
10626834
10638195
10643890
10668702
10671320
10679292
10682216
10694577
10744589
10772123
10785619
10806314
10815129
10816430
10818507
10818510
10818513
10852539
10860300
10867209
10867214
10867779
10867785
10873585
10880397
10899434
10912224
10934557
10935434
10936877
10936880
10936881
10936884
10936886
10939571
10940674
10952022
10961427
10980578
10998553
11005255
11017931
11032626
11070505
11095526
11099722
11113217
11122949
11161595
11166730
11172628
11173875
11173876
11182472
11193807
11193808
11212354
11240021
11285089
11302074
11305015
11305869
11325345
11327877
11338204
11343837
11378846
11421127
11425005
11444802
11445269
11447826
11447827
11447828
11476599
11487050
11493026
11513353
11516561
11535112
11553277
11558492
11596149
11676291
11715112
11723294
11755000
11755017
11769724
11775232
11790235
11804704
11816788
11835377
11844476
11860878
11889238
11893834
11920850
11930145
11936239
11936240
11950276
11980062
12067484
12067591
12095653
12105308
12111863
12116196
12135350
12160362
12167762
12169205
12192621
12205106
12214015
12232782
12379263
12392781
12419536
12451108
12471457
12475089
12486146
12490540
12495082
12507910
12507914
12533085
12536572
12552038
12556576
12566177
12582468
12584430
12609489
12614323
12614344
12618306
12629906
12657895
12658281
12755040
12787320
12788204
12864777
12928512
12930057
12935416
12946703
12951193
12962909
14501024
9237543
9335500
9852574
10407185
10491283
10623661
10818521
10914688
11114266
11245811
11329064
11578774
12082048
12099697
12119423
12480736
12485912
12498970
12626500
12719626
7627950
7836799
8068041
9180857
9209662
9232338
9426059
9539246
9679567
9726005
9815734
9825836
9888479
10064333
10548311
10564681
10755383
10779639
10862521
10868690
11045791
11056682
11169956
11303592
11408954
11585745
11700265
11773866
11810042
11872636
11934439
12150456
12296511
12430181
12508556
12552971
12556960
12611461
12860276
12873994
14504203
14562023
7513249
7515452
7530600
7554087
7576301
7576999
7587891
7593131
7599787
7612661
7614395
7617649
7669582
7698225
7702594
7728768
7736397
7776445
7780979
7794272
7805557
7808792
7819128
7829217
7863493
7896455
7907945
7928630
7947079
7981081
7981087
7990158
8034053
8058309
8080727
8084595
8132589
8168032
8195929
8199988
8204954
8245015
8283076
8293386
8519661
8521452
8549951
8569178
8572601
8618340
8620461
8621239
8635091
8636741
8637723
8679442
8697510
8697991
8732053
8732091
8738395
8738406
8774640
8810265
8843913
8855975
8864922
8892585
8896423
8900377
8904247
8924224
8925129
8956779
8959337
8978595
9036878
9038158
9042324
9066703
9080143
9085150
9094461
9167178
9194030
9195562
9196297
9264569
9291431
9297629
9307712
9335458
9387026
9387143
9394845
9413204
9443089
9480811
9490665
9513729
9538128
9538187
9563444
9563780
9564293
9568175
9569056
9570150
9570214
9594287
9615742
9615786
9616278
9618047
9625858
9642340
9658316
9661889
9663428
9664906
9711037
9743288
9772433
9772466
9798412
9831363
9833692
9854145
9874452
9891471
9891483
9924799
9925751
9949298
10036998
10332871
10374442
10378785
10399167
10403689
10403901
10418173
10424391
10428867
10430079
10481784
10523705
10530775
10552965
10611312
10618642
10620396
10623877
10629490
10631462
10631718
10632374
10677933
10743228
10794547
10799505
10837140
10872665
10914829
10920922
10921026
10923484
10928103
10999750
11042679
11058869
11063804
11080791
11082283
11121025
11179491
11189167
11189305
11198046
11223826
11223831
11265374
11268486
11274357
11289754
11302744
11331321
11337376
11343655
11387948
11404150
11480035
11604983
11715521
11726210
11744991
11768308
11768310
11768314
11768315
11848537
11955409
11960382
11996241
12405283
12529678
12569635
12601555
12624546
12628186
12669312
12701682
12801264
12859952
12870281
12874011
8944023
9342365
9425226
9798686
9832560
9894790
10477523
11593018
11712297
11773071
11779501
11925436
11927591
11943588
12431996
12832489
14560035
8033082
8033083
10731146
11166179
11470413
11514192
11564752
11584277
11689433
11912492
12058019
12388762
12504226
12589682
11056392
11083465
11086000
11799116
12538638
9299532
9843429
10094407
10443459
10491318
11285283
11593402
11861906
7831306
8121493
8811058
7548837
7551342
7554031
7566960
7575496
7600571
7606818
7623844
7657168
7657708
7731676
7784074
8137820
8183579
8524262
8756675
8880867
8887548
9001225
9067734
9190890
9422058
9485488
9488246
9575138
9625811
9671594
9679979
9681825
9769943
9769944
9769945
9823903
10023000
10023442
10029073
10029406
10049778
10063313
10065147
10065149
10086392
10101801
10189888
10195885
10199827
10200333
10200449
10200458
10200459
10224887
10226602
10327065
10334192
10340750
10354018
10354067
10360645
10362261
10400708
10403534
10403664
10404639
10410876
10426396
10441517
10454440
10462539
10467417
10479688
10484066
10514416
10521394
10548481
10549828
10550840
10557106
10572598
10574967
10594026
10600527
10602522
10618704
10623880
10629550
10632361
10637429
10656680
10656795
10660095
10660538
10672270
10672901
10692111
10692252
10694747
10697590
10698490
10702639
10718547
10726978
10728678
10733530
10741285
10741379
10741712
10745269
10767629
10769676
10773824
10778859
10786798
10828889
10845664
10849552
10870973
10873390
10889512
10911910
10918445
10933063
10935482
10940651
10953306
10956404
10965130
10973264
10974636
10988287
11007953
11013229
11013253
11020858
11024475
11027272
11032029
11035191
11044365
11054421
11069295
11095245
11163756
11263374
11281652
11296482
11313720
11313989
11313999
11423969
11423996
11447765
11448132
11458984
11496714
11498783
11532341
11591730
11602342
11641774
11668476
11703379
11707411
11721349
11744990
11747320
11774736
11779719
11790556
11790986
11793474
11820739
11827957
11834713
11844595
11850803
11867759
11870542
11884368
11893247
11940651
11967210
12037686
12082025
12086044
12086844
12370809
12397361
12420228
12462448
12673118
10751577
7494864
7535398
7536844
7562607
7754689
7910202
8730588
8822545
8930365
9242288
9744963
9844003
9862934
10196584
10369475
11067972
12059965
12081656
12115687
12548707
12582069
7511818
7705744
9243372
9782314
10024886
10319275
10321980
10329542
11090154
11256746
11258568
11355893
11401490
11585785
11739693
11745330
9528852
11278247
11320250
11573085
11790560
12438698
12507302
12507552
12482659
12663788
9601641
10656974
11940574
9792704
11396922
8070613
8267620
8881457
9003010
9112018
9886492
10229198
10886503
11121124
11181540
11423485
8995626
9111350
10622408
11085951
11811951
12551987
8657282
8855235
9405108
9690097
9697851
9732293
10068631
10198418
10535317
11001832
11087631
11846482
12165857
12682085
12783789
8651293
8875986
8933332
8946903
8990217
9042909
9115959
9150153
10037104
10198641
10203660
10739756
11451557
11786575
9778247
9806905
9920660
10029099
10196373
10217265
10434302
10537061
10699173
10716661
10804212
10829080
10941183
10958656
10961047
10966117
11007884
11030759
11517213
11553930
11789098
11932021
12062094
12135980
12191472
12200414
12217951
12223539
12531510
12589027
12700167
12747895
12955844
13679594
7583153
7588051
7600991
7601313
7630736
7635045
7655081
8001146
8001152
8575323
8647801
8684485
8787757
8790332
8792606
8837770
8875075
8896571
8896572
8903350
8906419
8946241
8948590
8971339
9004232
9006072
9012506
9106162
9119087
9152009
9205942
9212109
9224671
9233770
9254845
9268579
9302262
9303533
9334287
9374397
9375918
9409670
9438426
9508065
9545534
9555580
9581815
9630065
9636662
9655803
9728329
9731531
9731532
9733569
9755453
9767138
9768360
9824555
9847242
9882493
10021368
10064544
10190481
10225999
10331973
10349094
10354479
10357934
10364424
10373304
10395791
10411502
10441331
10475061
10498679
10500184
10518503
10556296
10564872
10574760
10693670
10710230
10751178
10753513
10762164
10769242
10771469
10804186
10821773
10822271
10842302
10868476
10899793
10906459
10923031
11040081
11044404
11130177
11169843
11171399
11172440
11257109
11359461
11428131
11440720
11460262
11479728
11485934
11532916
11562786
11684660
11693794
11758785
11919111
11941477
12030989
12072433
12142354
12167401
12215652
12438220
12444557
12455636
12455637
12490559
12503095
12533514
12533516
12547712
12567406
12569124
12587915
12588855
12588889
12606279
12620982
12644739
12692399
12709790
12727446
12729563
12772530
12797454
12808456
12837627
12876657
12925203
12947339
12971894
14568546
9872954
10458611
11020209
11282968
11431960
11442359
12056812
12359500
12535700
12797957
7550356
8574969
8596269
8627338
8634712
8669467
8705854
8733303
8733749
8742474
8766720
8787186
8837617
8858181
8875251
8878479
8904759
8905716
8910898
8931704
8938131
8945747
8947284
8986743
9007097
9007311
9052708
9109915
9111746
9121723
9121726
9129725
9144240
9151738
9154244
9172170
9180219
9181359
9185685
9189035
9189043
9189920
9196071
9197277
9218645
9223053
9223097
9223340
9224802
9225691
9225696
9250173
9270069
9278388
9292884
9300655
9344855
9347932
9347936
9354339
9368568
9375682
9384549
9384602
9414118
9427340
9427614
9436726
9443865
9450754
9485068
9502232
9507958
9521418
9521423
9535737
9539132
9539133
9540849
9546792
9562460
9562461
9562463
9576554
9595861
9605727
9614221
9619639
9622000
9632318
9639678
9643011
9652956
9680315
9700654
9712537
9719376
9728730
9737546
9746908
9749607
9781063
9790190
9791532
9792621
9804121
9816912
9822738
9831473
9833068
9851443
9878795
9923762
10025714
10025789
10037473
10037474
10037477
10050959
10069390
10075646
10076867
10087083
10090481
10097174
10193509
10200054
10206644
10206645
10215996
10229234
10230703
10327206
10329743
10337065
10341227
10359821
10360683
10361981
10369872
10383647
10386952
10400232
10401002
10408806
10430510
10439444
10446803
10447269
10448055
10463234
10467268
10468510
10473269
10479411
10495106
10500259
10509383
10525535
10526115
10527805
10528300
10528301
10533070
10534576
10545183
10548420
10549825
10557208
10559555
10573013
10574364
10581340
10581373
10582585
10587643
10607841
10620705
10624576
10643802
10644793
10652302
10652730
10653281
10653283
10654096
10655540
10658639
10662508
10662826
10670705
10671322
10672594
10674495
10677567
10681074
10705645
10716660
10748144
10754226
10764737
10768621
10775535
10783238
10783295
10791913
10800930
10811821
10811883
10816583
10821758
10822162
10840274
10854108
10864326
10867173
10879068
10899427
10915801
10923058
10951459
10959033
10976645
10997338
10998555
11020224
11027672
11030797
11071766
11084029
11094121
11099448
11102478
11110974
11114265
11119687
11124426
11126202
11146649
11157069
11165779
11166800
11226248
11266019
11274343
11300728
11311782
11358522
11378241
11379823
11389157
11395394
11395757
11405810
11406330
11447832
11447843
11464463
11489281
11493036
11494322
11524469
11551913
11552366
11557046
11568920
11574534
11578614
11589913
11599221
11684347
11695101
11701593
11706935
11710891
11746362
11755019
11757955
11764087
11770221
11774719
11785012
11786218
11796781
11851430
11895366
11906199
11920851
11927360
11959461
11973454
11978814
12037434
12042135
12048239
12052526
12053127
12061869
12064358
12079399
12111359
12111439
12112163
12145638
12147673
12192622
12213305
12230301
12230303
12388777
12390529
12391599
12410385
12413003
12423249
12428810
12429067
12433263
12435726
12451676
12460542
12484344
12493737
12531515
12552037
12573544
12609057
12615638
12665676
12686406
12728194
12732196
12742741
12752408
12810495
12811988
12817569
12856536
12876550
12885573
13678670
14533778
14552909
14623725
7582877
7719705
9247395
10209232
11391054
12121286